vesselCount = 17
UT = 17695317.526446953
gameMode = CAREER
gameNull = False
gameCompatible = True
funds = 1214506.2243663531
science = 304
reputationPercent = 55
ongoingContracts = 3
saveMD5 = fb1e9d3a53840b327580013a2fb168a2
