vesselCount = 14
UT = 17305901.803307775
gameMode = CAREER
gameNull = False
gameCompatible = True
funds = 1200514.8007823688
science = 68
reputationPercent = 55
ongoingContracts = 2
saveMD5 = c09178b9e9f30f2ff97c3b9454304307
