vesselCount = 17
UT = 17793241.489208415
gameMode = CAREER
gameNull = False
gameCompatible = True
funds = 1192097.9610346535
science = 71
reputationPercent = 55
ongoingContracts = 1
saveMD5 = 5ad80dff5d4bf159b3fb1a1f625f85d8
