vesselCount = 13
UT = 17102018.269697212
gameMode = CAREER
gameNull = False
gameCompatible = True
funds = 1210384.5469202101
science = 68
reputationPercent = 55
ongoingContracts = 2
saveMD5 = 5358a971781682e084444d40f56fcdce
