vesselCount = 18
UT = 20228399.354631979
gameMode = CAREER
gameNull = False
gameCompatible = True
funds = 1243653.947482445
science = 209
reputationPercent = 56
ongoingContracts = 2
saveMD5 = 2dc3ecdf68db5a8009bcf49347ac1ee9
