vesselCount = 13
UT = 16941382.492758576
gameMode = CAREER
gameNull = False
gameCompatible = True
funds = 1206704.1293314728
science = 252
reputationPercent = 55
ongoingContracts = 4
saveMD5 = e8be0590c24db707a11bcda52fabed76
