vesselCount = 17
UT = 16928205.849549379
gameMode = CAREER
gameNull = False
gameCompatible = True
funds = 1155035.240927588
science = 226
reputationPercent = 55
ongoingContracts = 5
saveMD5 = d92d2b84c3be44add25f4be32212a2cd
