vesselCount = 15
UT = 17537760.184795342
gameMode = CAREER
gameNull = False
gameCompatible = True
funds = 1221463.2443553668
science = 93
reputationPercent = 55
ongoingContracts = 4
saveMD5 = 0efb159210965e191f735e3b151c7cbe
