vesselCount = 19
UT = 20395692.080001168
gameMode = CAREER
gameNull = False
gameCompatible = True
funds = 1231915.9574616931
science = 220
reputationPercent = 56
ongoingContracts = 2
saveMD5 = 7d99a387090d5b1115b3d70b241133db
