vesselCount = 17
UT = 17793534.129201874
gameMode = CAREER
gameNull = False
gameCompatible = True
funds = 1179553.6653779529
science = 71
reputationPercent = 55
ongoingContracts = 1
saveMD5 = 825f70f60fcfe84efcf46293bb45686f
