vesselCount = 17
UT = 17758514.24730321
gameMode = CAREER
gameNull = False
gameCompatible = True
funds = 1257823.031827138
science = 371
reputationPercent = 55
ongoingContracts = 1
saveMD5 = 174d3a841729720e81c350c594a5a67b
