vesselCount = 13
UT = 16941123.25276437
gameMode = CAREER
gameNull = False
gameCompatible = True
funds = 1206704.1293314728
science = 226
reputationPercent = 55
ongoingContracts = 4
saveMD5 = 9b48a944496ac5ca542d410913f4d156
