vesselCount = 19
UT = 20237168.443962723
gameMode = CAREER
gameNull = False
gameCompatible = True
funds = 1231915.9574616931
science = 210
reputationPercent = 56
ongoingContracts = 2
saveMD5 = c16c41bbeb6f4e3019191f342b578fff
