vesselCount = 17
UT = 16928160.969550382
gameMode = CAREER
gameNull = False
gameCompatible = True
funds = 1155035.240927588
science = 226
reputationPercent = 55
ongoingContracts = 5
saveMD5 = 0588ad219c462ebff8a40822c804066a
