vesselCount = 18
UT = 17949252.764649954
gameMode = CAREER
gameNull = False
gameCompatible = True
funds = 1149294.7356904529
science = 71
reputationPercent = 55
ongoingContracts = 1
saveMD5 = f4fc8d8e82362d00c479215f16952795
