vesselCount = 18
UT = 17756546.722612847
gameMode = CAREER
gameNull = False
gameCompatible = True
funds = 1223737.7390758258
science = 363
reputationPercent = 55
ongoingContracts = 1
saveMD5 = f07c051b7f6db3655136a40b1873fbb0
