vesselCount = 13
UT = 16133724.024433048
gameMode = CAREER
gameNull = False
gameCompatible = True
funds = 781752.32532071508
science = 211
reputationPercent = 51
ongoingContracts = 3
saveMD5 = 66198f5801d352c686a9cdd55dd08984
