vesselCount = 12
UT = 14196751.499485604
gameMode = CAREER
gameNull = False
gameCompatible = True
funds = 916412.49082474946
science = 43
reputationPercent = 51
ongoingContracts = 2
saveMD5 = 4b459aed0d1660be362efdf098b0020c
