vesselCount = 8
UT = 9621470.7225175314
gameMode = CAREER
gameNull = False
gameCompatible = True
funds = 533639.49600201705
science = 3
reputationPercent = 30
ongoingContracts = 4
saveMD5 = 229bd0c5c52bdfe2b457744179144fd9
