vesselCount = 7
UT = 9009086.2050775122
gameMode = CAREER
gameNull = False
gameCompatible = True
funds = 228403.32416648121
science = 29
reputationPercent = 27
ongoingContracts = 5
saveMD5 = 6821b893f1a72e72c306b6dc43a5f34f
