vesselCount = 5
UT = 6308056.8408291712
gameMode = CAREER
gameNull = False
gameCompatible = True
funds = 570925.1017714747
science = 145
reputationPercent = 21
ongoingContracts = 2
saveMD5 = 5b24d21234cae6837af61a1405e6459c
