vesselCount = 12
UT = 14196751.499485604
gameMode = CAREER
gameNull = False
gameCompatible = True
funds = 916412.49082474946
science = 43
reputationPercent = 51
ongoingContracts = 2
saveMD5 = 448fba9ac6fd812a71b851f9dcd56c1e
