vesselCount = 13
UT = 16131422.174028654
gameMode = CAREER
gameNull = False
gameCompatible = True
funds = 781752.32532071508
science = 211
reputationPercent = 51
ongoingContracts = 3
saveMD5 = 9b14e4ed6a1be78abb50395a2bbb89f2
