vesselCount = 6
UT = 6993750.14838803
gameMode = CAREER
gameNull = False
gameCompatible = True
funds = 728132.69689074764
science = 6
reputationPercent = 22
ongoingContracts = 5
saveMD5 = cd2d0ab5d2e28e66dc8fa5369c03d4cf
