vesselCount = 13
UT = 16532619.112543473
gameMode = CAREER
gameNull = False
gameCompatible = True
funds = 1021463.0373497545
science = 6
reputationPercent = 51
ongoingContracts = 5
saveMD5 = e348cc6a43a05d304f9d6ea813f186df
