vesselCount = 13
UT = 16534114.571029587
gameMode = CAREER
gameNull = False
gameCompatible = True
funds = 1021463.0373497545
science = 6
reputationPercent = 51
ongoingContracts = 5
saveMD5 = e267361ad9248e483e92f28f77ec7aaa
