vesselCount = 13
UT = 16138591.111757627
gameMode = CAREER
gameNull = False
gameCompatible = True
funds = 781752.32532071508
science = 211
reputationPercent = 51
ongoingContracts = 3
saveMD5 = 359047e139c5d50e27742cb8058d2a83
