vesselCount = 8
UT = 9571864.9314477872
gameMode = CAREER
gameNull = False
gameCompatible = True
funds = 535639.49600201705
science = 3
reputationPercent = 30
ongoingContracts = 4
saveMD5 = 8a27d1089a4de597d86787d335c8d502
