vesselCount = 7
UT = 9055381.1967633888
gameMode = CAREER
gameNull = False
gameCompatible = True
funds = 347797.50931853504
science = 29
reputationPercent = 28
ongoingContracts = 3
saveMD5 = 3b94fd4d12d11cbeafa5803b43c4b241
