vesselCount = 6
UT = 6906865.7140440494
gameMode = CAREER
gameNull = False
gameCompatible = True
funds = 698132.69689074764
science = 6
reputationPercent = 22
ongoingContracts = 4
saveMD5 = 52f52977d32000eea15372885b1184b5
